0 -0.19401  -0.0393519  0  0  0  0
0 -0.302083  0.226852  0  0  0  0
0 -0.268229  0.277778  0  0  0  0
0 -0.154948  0.106481  0  0  0  0
0 -0.234375  0.354167  0  0  0  0
0 -0.200521  0.391204  0  0  0  0
0 -0.128906  0.24537  0  0  0  0
0 -0.144531  0.428241  0  0  0  0
0 -0.111979  0.451389  0  0  0  0
0 -0.09375  0.381944  0  0  0  0
0 -0.078125  0.428241  0  0  0  0
0 -0.0625  0.356481  0  0  0  0
0 -0.0351562  0.458333  0  0  0  0
0 0.0104167  0.407407  0  0  0  0
0 -0.0286458  0.305556  0  0  0  0
0 0.0481771  0.342593  0  0  0  0
0 0.0638021  0.293981  0  0  0  0
0 -0.00260417  0.148148  0  0  0  0
0 0.101562  0.243056  0  0  0  0
0 0.125  0.185185  0  0  0  0
0 0.0195312  0.0185185  0  0  0  0
0 0.158854  0.111111  0  0  0  0
0 0.16276  0.0231481  0  0  0  0
0 0.0169271  -0.087963  0  0  0  0
0 -0.0625  -0.0277778  0  0  0  0
0 -0.135417  -0.0138889  0  0  0  0
0 -0.19401  -0.0393519  0  0  0  0
1 -0.192708  -0.0277778  0  0  0  0
1 -0.178385  -0.141204  0  0  0  0
1 -0.152344  -0.289352  0  0  0  0
1 -0.122396  -0.300926  0  0  0  0
1 -0.0924479  -0.300926  0  0  0  0
1 -0.0625  -0.303241  0  0  0  0
1 -0.0299479  -0.305556  0  0  0  0
1 -0.015625  -0.212963  0  0  0  0
1 0.00520833  -0.115741  0  0  0  0
1 0.0130208  -0.0717593  0  0  0  0
1 -0.0651042  -0.00694444  0  0  0  0
1 -0.136719  0.00925926  0  0  0  0
1 -0.192708  -0.0277778  0  0  0  0
