0 0.0325521  -0.00231481  0  0  0  0
0 0.078125  0.115741  0  0  0  0
0 0.136719  0.0300926  0  0  0  0
0 0.160156  0.0555556  0  0  0  0
0 0.0651042  0.252315  0  0  0  0
0 0.0221354  0.0717593  0  0  0  0
0 -0.0130208  0.0347222  0  0  0  0
0 0.0325521  -0.00231481  0  0  0  0
1 -0.03125  0.0277778  0  0  0  0
1 -0.119792  0.247685  0  0  0  0
1 -0.209635  0.0648148  0  0  0  0
1 -0.183594  0.0324074  0  0  0  0
1 -0.122396  0.175926  0  0  0  0
1 -0.0742188  -0.00694444  0  0  0  0
1 -0.0169271  0.0277778  0  0  0  0
1 -0.03125  0.0277778  0  0  0  0
2 0.0481771  -0.0625  0  0  0  0
2 0.173177  0.0787037  0  0  0  0
2 0.25651  -0.0787037  0  0  0  0
2 0.292969  -0.0532407  0  0  0  0
2 0.166667  0.180556  0  0  0  0
2 0.0377604  -0.0115741  0  0  0  0
2 0.0481771  -0.0625  0  0  0  0
3 -0.0794271  -0.0162037  0  0  0  0
3 -0.188802  0.178241  0  0  0  0
3 -0.322917  0.0925926  0  0  0  0
3 -0.3125  0.00694444  0  0  0  0
3 -0.209635  0.113426  0  0  0  0
3 -0.0755208  -0.0856481  0  0  0  0
3 -0.0794271  -0.0162037  0  0  0  0
4 0.0182292  -0.155093  0  0  0  0
4 0.160156  -0.138889  0  0  0  0
4 0.264323  -0.31713  0  0  0  0
4 0.290365  -0.280093  0  0  0  0
4 0.178385  -0.0578704  0  0  0  0
4 0.0442708  -0.0856481  0  0  0  0
4 0.0182292  -0.155093  0  0  0  0
5 -0.0625  -0.0949074  0  0  0  0
5 -0.261719  0.0439815  0  0  0  0
5 -0.365885  -0.231481  0  0  0  0
5 -0.330729  -0.266204  0  0  0  0
5 -0.247396  -0.0462963  0  0  0  0
5 -0.046875  -0.157407  0  0  0  0
5 -0.0625  -0.0949074  0  0  0  0
6 -0.0833333  -0.0810185  0  0  0  0
6 -0.0533854  -0.159722  0  0  0  0
6 -0.0169271  -0.196759  0  0  0  0
6 0.0260417  -0.148148  0  0  0  0
6 0.0520833  -0.0787037  0  0  0  0
6 0.0403646  0.00231481  0  0  0  0
6 0.00651042  0.0347222  0  0  0  0
6 -0.0390625  0.037037  0  0  0  0
6 -0.0833333  -0.0138889  0  0  0  0
6 -0.0833333  -0.0810185  0  0  0  0
7 -0.0572917  -0.0902778  0  0  0  0
7 -0.0846354  0.159722  0  0  0  0
7 -0.136719  -0.25  0  0  0  0
7 -0.128906  -0.30787  0  2  0  0
7 -0.117188  -0.252315  0  0  0  0
7 -0.0859375  0.0532407  0  0  0  0
7 -0.0559896  -0.127315  0  0  0  0
7 -0.0572917  -0.0902778  0  0  0  0
8 0.0247396  -0.099537  0  0  0  0
8 0.0664062  0.162037  0  0  0  0
8 0.108073  -0.252315  0  0  0  0
8 0.101562  -0.31713  0  2.5  0  0
8 0.0859375  -0.25463  0  0  0  0
8 0.0611979  0.0601852  0  0  0  0
8 0.0273438  -0.127315  0  0  0  0
8 0.0247396  -0.099537  0  0  0  0
9 0.00911458  -0.0717593  0  0  0  0
9 -0.00130208  -0.0694444  0  0  0  0
9 -0.00130208  -0.099537  0  0  0  0
9 0.0104167  -0.099537  0  0  0  0
9 0.00911458  -0.0717593  0  0  0  0
10 -0.0286458  -0.0671296  0  0  0  0
10 -0.0390625  -0.0671296  0  0  0  0
10 -0.0403646  -0.0972222  0  0  0  0
10 -0.0273438  -0.0972222  0  0  0  0
10 -0.0286458  -0.0671296  0  0  0  0
