0 0.11849  -0.583333  0  0  0  0
0 0.199219  -0.583333  0  0  0  0
0 0.175781  -0.446759  0  0  0  0
0 0.200521  -0.25  0  0  0  0
0 0.177083  -0.0972222  0  0  0  0
0 0.09375  -0.0925926  0  0  0  0
0 0.121094  -0.25  0  0  0  0
0 0.105469  -0.439815  0  0  0  0
0 0.11849  -0.583333  0  0  0  0
1 0.0494792  -0.581019  0  0  0  0
1 0.136719  -0.583333  0  0  0  0
1 0.117188  -0.453704  0  0  0  0
1 0.134115  -0.25  0  0  0  0
1 0.0989583  -0.0833333  0  0  0  0
1 0.03125  -0.087963  0  0  0  0
1 0.0716146  -0.243056  0  0  0  0
1 0.0494792  -0.449074  0  0  0  0
1 0.0494792  -0.581019  0  0  0  0
2 -0.139323  -0.0462963  0  0  0  0
2 -0.0703125  -0.0763889  0  0  0  0
2 0.0572917  -0.115741  0  0  0  0
2 0.203125  -0.0972222  0  0  0  0
2 0.253906  0.134259  0  0  0  0
2 0.21224  0.298611  0  0  0  0
2 0.160156  0.331019  0  0  0  0
2 0.126302  0.219907  0  0  0  0
2 0.0598958  0.1875  0  0  0  0
2 -0.0585938  0.243056  0  0  0  0
2 -0.123698  0.284722  0  0  0  0
2 -0.188802  0.259259  0  0  0  0
2 -0.227865  0.131944  0  0  0  0
2 -0.184896  -0.00694444  0  0  0  0
2 -0.139323  -0.0462963  0  0  0  0
3 -0.0690104  -0.0532407  0  0  0  0
3 -0.0546875  -0.180556  0  0  0  0
3 -0.108073  -0.282407  0  0  0  0
3 -0.111979  -0.44213  0  0  0  0
3 -0.0885417  -0.574074  0  0  0  0
3 -0.170573  -0.576389  0  0  0  0
3 -0.178385  -0.444444  0  0  0  0
3 -0.171875  -0.270833  0  0  0  0
3 -0.152344  -0.150463  0  0  0  0
3 -0.15625  -0.00231481  0  0  0  0
3 -0.0690104  -0.0532407  0  0  0  0
4 -0.190104  0.0231481  0  0  0  0
4 -0.108073  -0.0324074  0  0  0  0
4 -0.101562  -0.164352  0  0  0  0
4 -0.147135  -0.263889  0  0  0  0
4 -0.152344  -0.428241  0  0  0  0
4 -0.128906  -0.569444  0  0  0  0
4 -0.216146  -0.5625  0  0  0  0
4 -0.216146  -0.421296  0  0  0  0
4 -0.208333  -0.25  0  0  0  0
4 -0.18099  -0.131944  0  0  0  0
4 -0.190104  0.0231481  0  0  0  0
5 -0.161458  0.24537  0  0  0  0
5 -0.200521  0.344907  0  0  0  0
5 -0.296875  0.363426  0  0  0  0
5 -0.326823  0.289352  0  0  0  0
5 -0.360677  0.162037  0  0  0  0
5 -0.403646  -0.037037  0  0  0  0
5 -0.402344  -0.106481  0  0  0  0
5 -0.386719  -0.0300926  0  0  0  0
5 -0.390625  -0.106481  0  0  0  0
5 -0.364583  0.0462963  0  0  0  0
5 -0.384115  -0.118056  0  0  0  0
5 -0.360677  -0.00231481  0  0  0  0
5 -0.377604  -0.134259  0  0  0  0
5 -0.329427  0.136574  0  0  0  0
5 -0.36849  -0.145833  0  0  0  0
5 -0.333333  0.0416667  0  0  0  0
5 -0.361979  -0.159722  0  0  0  0
5 -0.339844  -0.037037  0  0  0  0
5 -0.347656  -0.122685  0  0  0  0
5 -0.333333  -0.0671296  0  0  0  0
5 -0.332031  -0.178241  0  0  0  0
5 -0.322917  -0.0810185  0  0  0  0
5 -0.324219  -0.143519  0  0  0  0
5 -0.300781  0.0347222  0  0  0  0
5 -0.279948  0.219907  0  0  0  0
5 -0.242188  0.282407  0  0  0  0
5 -0.190104  0.217593  0  0  0  0
5 -0.161458  0.24537  0  0  0  0
6 0.257812  0.539352  0  0  0  0
6 0.251302  0.627315  0  0  0  0
6 0.213542  0.671296  0  0  0  0
6 0.231771  0.625  0  0  0  0
6 0.238281  0.56713  0  0  0  0
6 0.221354  0.625  0  0  0  0
6 0.177083  0.662037  0  0  0  0
6 0.207031  0.613426  0  0  0  0
6 0.214844  0.571759  0  0  0  0
6 0.1875  0.615741  0  0  0  0
6 0.147135  0.611111  0  0  0  0
6 0.178385  0.587963  0  0  0  0
6 0.19401  0.5625  0  0  0  0
6 0.166667  0.590278  0  0  0  0
6 0.110677  0.578704  0  0  0  0
6 0.158854  0.576389  0  0  0  0
6 0.173177  0.553241  0  0  0  0
6 0.145833  0.576389  0  0  0  0
6 0.110677  0.546296  0  0  0  0
6 0.140625  0.55787  0  0  0  0
6 0.165365  0.541667  0  0  0  0
6 0.128906  0.543981  0  0  0  0
6 0.105469  0.513889  0  0  0  0
6 0.138021  0.534722  0  0  0  0
6 0.15625  0.511574  0  0  0  0
6 0.123698  0.520833  0  0  0  0
6 0.0963542  0.469907  0  0  0  0
6 0.127604  0.50463  0  0  0  0
6 0.148438  0.490741  0  0  0  0
6 0.122396  0.483796  0  0  0  0
6 0.0898438  0.430556  0  0  0  0
6 0.11849  0.467593  0  0  0  0
6 0.148438  0.449074  0  0  0  0
6 0.113281  0.444444  0  0  0  0
6 0.0820312  0.386574  0  0  0  0
6 0.113281  0.418981  0  0  0  0
6 0.141927  0.405093  0  0  0  0
6 0.101562  0.400463  0  0  0  0
6 0.0690104  0.347222  0  0  0  0
6 0.104167  0.384259  0  0  0  0
6 0.135417  0.37037  0  0  0  0
6 0.0976562  0.368056  0  0  0  0
6 0.0677083  0.31713  0  0  0  0
6 0.0989583  0.344907  0  0  0  0
6 0.125  0.324074  0  0  0  0
6 0.0976562  0.328704  0  0  0  0
6 0.0585938  0.289352  0  0  0  0
6 0.0911458  0.298611  0  0  0  0
6 0.115885  0.273148  0  0  0  0
6 0.0846354  0.287037  0  0  0  0
6 0.0481771  0.256944  0  0  0  0
6 0.0794271  0.268519  0  0  0  0
6 0.09375  0.236111  0  0  0  0
6 0.0690104  0.24537  0  0  0  0
6 0.0833333  0.217593  0  0  0  0
6 0.0703125  0.229167  0  0  0  0
6 0.0768229  0.175926  0  0  0  0
6 0.132812  0.196759  0  0  0  0
6 0.166667  0.298611  0  0  0  0
6 0.174479  0.418981  0  0  0  0
6 0.195312  0.513889  0  0  0  0
6 0.230469  0.543981  0  0  0  0
6 0.257812  0.539352  0  0  0  0
7 0.177083  0.502315  0  0  0  0
7 0.16276  0.347222  0  0  0  0
7 0.18099  0.268519  0  0  0  0
7 0.257812  0.233796  0  0  0  0
7 0.325521  0.247685  0  0  0  0
7 0.367188  0.270833  0  0  0  0
7 0.36849  0.354167  0  0  0  0
7 0.352865  0.351852  0  0  0  0
7 0.329427  0.372685  0  0  0  0
7 0.309896  0.513889  0  0  0  0
7 0.263021  0.553241  0  0  0  0
7 0.233073  0.548611  0  0  0  0
7 0.223958  0.641204  0  0  0  0
7 0.199219  0.673611  0  0  0  0
7 0.188802  0.555556  0  0  0  0
7 0.201823  0.520833  0  0  0  0
7 0.201823  0.553241  0  0  0  0
7 0.177083  0.502315  0  0  0  0
8 0.25651  0.384259  0  0  0  0
8 0.279948  0.37037  0  0  0  0
8 0.299479  0.400463  0  0  0  0
8 0.291667  0.465278  0  0  0  0
8 0.266927  0.476852  0  0  0  0
8 0.252604  0.435185  0  0  0  0
8 0.25651  0.384259  0  0  0  0
9 0.273438  0.449074  0  0  0  0
9 0.268229  0.409722  0  0  0  0
9 0.277344  0.384259  0  0  0  0
9 0.295573  0.409722  0  0  0  0
9 0.28125  0.458333  0  0  0  0
9 0.273438  0.449074  0  0  0  0
10 0.234375  0.479167  0  0  0  0
10 0.264323  0.509259  0  0  0  0
10 0.291667  0.49537  0  0  0  0
10 0.290365  0.511574  0  0  0  0
10 0.261719  0.532407  0  0  0  0
10 0.229167  0.488426  0  0  0  0
10 0.234375  0.479167  0  0  0  0
