0 -0.0130208  0.12963  0  0  0  0
0 0.0247396  0.115741  0  0  0  0
0 0.0546875  0.252315  0  0  0  0
0 0.0820312  0.287037  0  0  0  0
0 0.09375  0.231481  0  0  0  0
0 0.117188  0.196759  0  0  0  0
0 0.166667  0.189815  0  0  0  0
0 0.204427  0.196759  0  0  0  0
0 0.190104  0.284722  0  0  0  0
0 0.16276  0.344907  0  0  0  0
0 0.119792  0.354167  0  0  0  0
0 0.0924479  0.333333  0  0  0  0
0 0.0559896  0.31713  0  0  0  0
0 0.0208333  0.261574  0  0  0  0
0 0.0078125  0.229167  0  0  0  0
0 0  0.3125  0  0  0  0
0 -0.0078125  0.342593  0  0  0  0
0 0.00390625  0.391204  0  0  0  0
0 -0.00390625  0.43287  0  0  0  0
0 -0.0351562  0.490741  0  0  0  0
0 -0.0807292  0.502315  0  0  0  0
0 -0.109375  0.483796  0  0  0  0
0 -0.106771  0.44213  0  0  0  0
0 -0.0911458  0.386574  0  0  0  0
0 -0.0677083  0.347222  0  0  0  0
0 -0.0507812  0.347222  0  0  0  0
0 -0.03125  0.337963  0  0  0  0
0 -0.0169271  0.247685  0  0  0  0
0 -0.0117188  0.168981  0  0  0  0
0 -0.0130208  0.12963  0  0  0  0
1 0.00651042  0.173611  0  0  0  0
1 -0.0247396  0.099537  0  0  0  0
1 -0.0390625  0.0231481  0  0  0  0
1 -0.0455729  -0.0601852  0  0  0  0
1 -0.0507812  -0.12037  0  0  0  0
1 0.0390625  -0.138889  0  0  0  0
1 0.0338542  -0.0787037  0  0  0  0
1 0.0273438  0.0115741  0  0  0  0
1 0.0221354  0.12037  0  0  0  0
1 0.00651042  0.173611  0  0  0  0
